    dgrf2020
 13  6371.2 2020.0
-29403.41
-1451.37
4653.35
-2499.78
2981.96
-2991.72
1676.85
-734.62
1363.0
-2380.8
-81.96
1236.06
241.8
525.6
-542.52
902.82
809.47
282.1
86.18
-158.5
-309.47
199.75
47.44
-350.3
-234.42
363.26
47.52
187.86
208.36
-140.73
-121.43
-151.16
32.09
13.98
99.14
65.97
65.56
-19.22
72.96
25.02
-121.57
52.76
-36.06
-64.4
13.6
8.96
-64.8
68.04
80.54
-76.63
-51.5
-8.23
-16.85
56.45
2.36
15.8
23.56
6.3
-2.19
-7.21
-27.19
9.77
-1.9
23.66
9.74
8.43
-17.49
-15.23
-0.49
12.83
-21.07
-11.76
15.28
14.94
13.65
3.62
-16.59
-6.9
-0.34
2.9
5.03
8.36
-23.44
2.84
11.04
-1.48
9.86
-1.14
-5.13
-13.22
-6.2
1.08
7.79
8.82
0.4
-9.23
-1.44
-11.86
9.6
-1.84
-6.25
3.38
-0.11
-0.18
1.66
3.5
-0.86
4.86
0.65
-8.62
-0.88
-0.11
1.88
-4.26
1.44
-3.43
-2.38
-0.1
-3.84
-8.84
2.96
-1.36
-0.02
-2.51
2.5
2.31
-0.55
-0.85
-0.39
0.28
0.62
-0.66
-0.21
-0.07
-1.66
1.44
-1.6
-0.59
-2.98
0.18
-1.97
3.09
-2.51
-2.0
-0.13
-1.15
0.43
0.52
1.28
1.37
-1.14
-1.81
0.71
0.08
0.31
0.71
0.49
-0.15
-0.26
0.55
-0.47
0.16
0.09
-0.93
-1.13
-0.04
-0.33
0.52
0.08
-0.93
-0.88
0.53
0.64
0.72
1.4
-0.3
-0.38
0.75
-1.31
-0.01
-0.09
0.76
0.29
-0.05
-0.11
0.37
0.47
0.13
0.54
0.45
-0.41
-0.46
-0.36
-0.4
-0.6
